# oST version 5.0 parameters


[image]

width
640

height
480

[narrow_stereo]

camera matrix
353.082156 0.000000 314.881686
0.000000 353.154664 235.460461
0.000000 0.000000 1.000000

distortion
-0.014373 0.024065 0.003137 0.000328 0.000000

rectification
1.000000 0.000000 0.000000
0.000000 1.000000 0.000000
0.000000 0.000000 1.000000

projection
360.754303 0.000000 315.003153 0.000000
0.000000 359.685455 237.352191 0.000000
0.000000 0.000000 1.000000 0.000000
