camera_matrix:
- - 352.855998353405
  - 0.0
  - 315.937592118790
- - 0.0
  - 352.969053976607
  - 237.100226723026
- - 0.0
  - 0.0
  - 1.0
dist_coeff:
- - -0.0148027411053404
  - 0.0219955221538084
  - 0.00287201941233607
  - 0.000324751649795023
  - 0.0
