camera_matrix:
- - 349.77915279067713
  - 0.0
  - 310.9816597473081
- - 0.0
  - 349.6865063666337
  - 229.33097208806646
- - 0.0
  - 0.0
  - 1.0
dist_coeff:
- - -0.021441247403560123
  - 0.07146869990652643
  - 0.0007360636416450898
  - 0.00014724782410279448
  - -0.05404760783806718
