image_width: 640
image_height: 480
camera_name: narrow_stereo
camera_matrix:
  rows: 3
  cols: 3
  data: [356.46789,   0.     , 315.37037,
           0.     , 356.42848, 236.04507,
           0.     ,   0.     ,   1.     ]
distortion_model: plumb_bob
distortion_coefficients:
  rows: 1
  cols: 5
  data: [-0.008465, 0.019033, -0.000424, -0.000874, 0.000000]
rectification_matrix:
  rows: 3
  cols: 3
  data: [1., 0., 0.,
         0., 1., 0.,
         0., 0., 1.]
projection_matrix:
  rows: 3
  cols: 4
  data: [362.24741,   0.     , 314.32123,   0.     ,
           0.     , 362.22638, 235.37222,   0.     ,
           0.     ,   0.     ,   1.     ,   0.     ]
