# oST version 5.0 parameters


[image]

width
640

height
480

[narrow_stereo]

camera matrix
356.467892 0.000000 315.370370
0.000000 356.428481 236.045069
0.000000 0.000000 1.000000

distortion
-0.008465 0.019033 -0.000424 -0.000874 0.000000

rectification
1.000000 0.000000 0.000000
0.000000 1.000000 0.000000
0.000000 0.000000 1.000000

projection
362.247406 0.000000 314.321225 0.000000
0.000000 362.226379 235.372219 0.000000
0.000000 0.000000 1.000000 0.000000
